<?xml version="1.0"?>
<opencv_storage>
<calibration_Time>"09/21/18 16:27:43"</calibration_Time>
<nrOfFrames>8</nrOfFrames>
<image_Width>640</image_Width>
<image_Height>480</image_Height>
<board_Width>9</board_Width>
<board_Height>6</board_Height>
<square_Size>26.</square_Size>
<FixAspectRatio>1.</FixAspectRatio>
<!-- flags:  +fix_aspectRatio +fix_principal_point +zero_tangent_dist -->
<flagValue>14</flagValue>
<Camera_Matrix type_id="opencv-matrix">
  <rows>3</rows>
  <cols>3</cols>
  <dt>d</dt>
  <data>
    1.0033976089625912e+003 0. 3.1950000000000000e+002 0.
    1.0033976089625912e+003 2.3950000000000000e+002 0. 0. 1.</data></Camera_Matrix>
<Distortion_Coefficients type_id="opencv-matrix">
  <rows>5</rows>
  <cols>1</cols>
  <dt>d</dt>
  <data>
    -1.4255661619398374e-001 5.3504626539548383e-001 0. 0.
    -4.7676310120262659e+000</data></Distortion_Coefficients>
<Avg_Reprojection_Error>3.5904160042565364e-001</Avg_Reprojection_Error>
<Per_View_Reprojection_Errors type_id="opencv-matrix">
  <rows>8</rows>
  <cols>1</cols>
  <dt>f</dt>
  <data>
    5.29317081e-001 1.92298442e-001 2.97565430e-001 4.20726806e-001
    3.47238243e-001 2.62890458e-001 3.74241561e-001 3.44721526e-001</data></Per_View_Reprojection_Errors>
<!-- a set of 6-tuples (rotation vector + translation vector) for each view -->
<Extrinsic_Parameters type_id="opencv-matrix">
  <rows>8</rows>
  <cols>6</cols>
  <dt>d</dt>
  <data>
    -2.5976454811899130e-001 3.5029129427476569e-001
    -3.0603271762750457e+000 7.9879626555259591e+001
    4.6182465196843452e+001 5.4447545893866777e+002
    3.8196398595529116e-003 -1.7701643607115645e-002
    -3.0639788006015980e+000 1.3908916646401283e+002
    1.3787587755465856e+002 7.7436666140585885e+002
    2.2433485051549507e-001 -4.4644825695646345e-002
    3.1147238628334502e+000 4.8215992822864377e+000
    7.7980561002840147e+001 7.1273653390604500e+002
    -6.9561612677708648e-002 3.9572221889298609e-001
    -3.1068366098263915e+000 1.3551490564304271e+002
    1.0743389347917257e+002 6.5340509505130376e+002
    -5.4492803749794004e-002 3.2238173107021956e-001
    -2.9768074250394805e+000 1.0604817838529917e+002
    6.0347968624165688e+001 6.3855475772327827e+002
    1.0876285022980903e-001 -1.5668151551502504e-001
    3.1338400777340358e+000 5.2740361710621038e+001
    9.5332046420674516e+001 6.8889206867920052e+002
    -4.1016242835138927e-001 4.2703588559520644e-001
    3.0133164693978389e+000 7.3868294364712270e+001
    1.6319468084725255e+001 7.1249340868137733e+002
    -1.5712042760897363e-001 2.3725590548850935e-002
    2.9909647494809430e+000 6.1787841007202751e+001
    1.8386605184361898e+001 6.8733458141400502e+002</data></Extrinsic_Parameters>
<Image_points type_id="opencv-matrix">
  <rows>8</rows>
  <cols>54</cols>
  <dt>"2f"</dt>
  <data>
    4.66313538e+002 3.22497772e+002 4.19249298e+002 3.19313293e+002
    3.71853760e+002 3.16126862e+002 3.25316071e+002 3.12632813e+002
    2.79415497e+002 3.09220123e+002 2.34072983e+002 3.05730499e+002
    1.89464645e+002 3.02229095e+002 1.45972885e+002 2.98270142e+002
    1.04311630e+002 2.94207916e+002 4.69335266e+002 2.78116425e+002
    4.21538208e+002 2.74737152e+002 3.73666931e+002 2.71596344e+002
    3.26454010e+002 2.68354431e+002 2.80190948e+002 2.64893829e+002
    2.34507111e+002 2.61586029e+002 1.89423416e+002 2.58063965e+002
    1.45690628e+002 2.54530853e+002 1.03447395e+002 2.50959335e+002
    4.72372803e+002 2.31395096e+002 4.24014008e+002 2.28262161e+002
    3.75580414e+002 2.25118484e+002 3.27935333e+002 2.21870087e+002
    2.81287262e+002 2.18790222e+002 2.35309021e+002 2.15539871e+002
    1.89673828e+002 2.12422424e+002 1.45584488e+002 2.09318954e+002
    1.02530548e+002 2.06164459e+002 4.75556946e+002 1.83406708e+002
    4.26549438e+002 1.80274948e+002 3.77627289e+002 1.77443817e+002
    3.29493805e+002 1.74570236e+002 2.82385468e+002 1.71579315e+002
    2.35739151e+002 1.68863113e+002 1.90159760e+002 1.66150894e+002
    1.45490372e+002 1.63423508e+002 1.02071648e+002 1.60613968e+002
    4.78564026e+002 1.33951309e+002 4.29147247e+002 1.31381805e+002
    3.79623474e+002 1.28888962e+002 3.30973938e+002 1.26488998e+002
    2.83424408e+002 1.23834106e+002 2.36473480e+002 1.21481606e+002
    1.90421310e+002 1.19160194e+002 1.45448532e+002 1.16634445e+002
    1.01519035e+002 1.14455750e+002 4.81911560e+002 8.35683212e+001
    4.31777008e+002 8.12972794e+001 3.81884857e+002 7.92263565e+001
    3.32531219e+002 7.69596481e+001 2.84491547e+002 7.47982254e+001
    2.37057129e+002 7.28617935e+001 1.90477127e+002 7.07869873e+001
    1.45229263e+002 6.90370712e+001 1.00797104e+002 6.72715378e+001
    4.98106995e+002 4.16427246e+002 4.65412659e+002 4.14200134e+002
    4.31977814e+002 4.11736816e+002 3.98507874e+002 4.09419800e+002
    3.65347046e+002 4.06880249e+002 3.31881165e+002 4.04427490e+002
    2.98242645e+002 4.01763672e+002 2.64721252e+002 3.99219696e+002
    2.31353333e+002 3.96469757e+002 5.01184570e+002 3.83730988e+002
    4.68265045e+002 3.81426453e+002 4.34657654e+002 3.79036560e+002
    4.01343994e+002 3.76471710e+002 3.67869110e+002 3.73901703e+002
    3.34456726e+002 3.71418854e+002 3.00799194e+002 3.68692078e+002
    2.67303345e+002 3.66033661e+002 2.33991989e+002 3.63457520e+002
    5.03929688e+002 3.50403809e+002 4.70797302e+002 3.47768585e+002
    4.37429596e+002 3.45424133e+002 4.03936340e+002 3.42759979e+002
    3.70479218e+002 3.40387146e+002 3.37098145e+002 3.37699768e+002
    3.03389862e+002 3.35115662e+002 2.69970886e+002 3.32492798e+002
    2.36374390e+002 3.29934143e+002 5.05998383e+002 3.16930023e+002
    4.73329346e+002 3.14434784e+002 4.39810760e+002 3.11876465e+002
    4.06518951e+002 3.09330231e+002 3.73107788e+002 3.06726654e+002
    3.39610779e+002 3.04254181e+002 3.05937897e+002 3.01557159e+002
    2.72472229e+002 2.98985596e+002 2.38874557e+002 2.96430359e+002
    5.08483063e+002 2.83640656e+002 4.75734283e+002 2.81072968e+002
    4.42419678e+002 2.78552734e+002 4.09102203e+002 2.75880280e+002
    3.75700928e+002 2.73296997e+002 3.42182251e+002 2.70656525e+002
    3.08496490e+002 2.68065247e+002 2.75076721e+002 2.65447632e+002
    2.41545105e+002 2.62971527e+002 5.11317535e+002 2.50277817e+002
    4.78441803e+002 2.47609940e+002 4.45171814e+002 2.45062363e+002
    4.11717102e+002 2.42356506e+002 3.78356262e+002 2.39698837e+002
    3.44973083e+002 2.37045166e+002 3.11112976e+002 2.34514221e+002
    2.77736237e+002 2.32003693e+002 2.44068222e+002 2.29300461e+002
    3.26224396e+002 3.48668854e+002 2.90480591e+002 3.48723175e+002
    2.54647614e+002 3.48831451e+002 2.19496094e+002 3.48762451e+002
    1.84702438e+002 3.48646393e+002 1.50558548e+002 3.48653961e+002
    1.16615479e+002 3.48526062e+002 8.34853897e+001 3.48498260e+002
    5.12380791e+001 3.48289856e+002 3.25074493e+002 3.13055023e+002
    2.89313599e+002 3.13288483e+002 2.53516006e+002 3.13439301e+002
    2.18413315e+002 3.13552460e+002 1.83564789e+002 3.13561920e+002
    1.49484619e+002 3.13634796e+002 1.15512459e+002 3.13738495e+002
    8.24878006e+001 3.13781036e+002 5.01097374e+001 3.13912567e+002
    3.24263000e+002 2.76412323e+002 2.88515381e+002 2.76625275e+002
    2.52637405e+002 2.77126373e+002 2.17490875e+002 2.77484161e+002
    1.82788574e+002 2.77604187e+002 1.48542206e+002 2.78259888e+002
    1.14542320e+002 2.78445190e+002 8.15053635e+001 2.78568878e+002
    4.85623131e+001 2.79130737e+002 3.23785828e+002 2.39499832e+002
    2.88152161e+002 2.40182953e+002 2.52399185e+002 2.40663971e+002
    2.16967239e+002 2.41410431e+002 1.82374100e+002 2.41798203e+002
    1.47953293e+002 2.42511719e+002 1.13813217e+002 2.43083801e+002
    8.05341415e+001 2.43524429e+002 4.75754547e+001 2.44156357e+002
    3.23453552e+002 2.02707611e+002 2.87524048e+002 2.03537766e+002
    2.51536362e+002 2.04525238e+002 2.16463974e+002 2.05434158e+002
    1.81464203e+002 2.06215302e+002 1.47018890e+002 2.06723892e+002
    1.12751518e+002 2.07540802e+002 7.95464706e+001 2.08497513e+002
